1010001001001011000011110000000110100000101101010011101110100011
0111101101101001010001100100000011111000100111011001010101111001
0011010110111101011100100111000001110010110010101001010100110001
1001110011011011001000110010010000100010010010101101010110010101
1000100001101101001110010011011100111011011010100111010010010100
1110111000110111100100011001101000010101101110110010111011010110
0101010010011011000111001000111110010100110101010010010101110011
1101011011001101010010001110011100010110011101011011010100100001
1011001101000111011011100100001001010010001011001101110110111000
1001000111110010101101000111001101011011101001000110101011010010
1101110011100010100111110010000111001101011101110011101001111010
0110100001001010110011100011100010000111001010100001011100110110
0011111001101010010001001001001011100010001010111001001000011010
1001110000111011011101101101101001001011101010010001101110001111
0000100100010101101010110110111101101001011011011100110100100111
0100110111010100111010011011011010111101001101101000011110110010
0110011010110110010111001101101110011011100110111110001101010011
1010001110011010010010000110110100001101000011011100100111011001
1111100100001111011011100011011111000111110001101000110010101000
0111000111000110101101001001101110010011100100111110010010101110
0010010010010011100111101100110100011001000110011100011010100100
